        7.68358       0.467279       -0.60894       0.939805      -0.923444       0.800547      -0.998629        1.11876       -0.91769        0.72713      -0.741876       0.599967       -0.21023       -1.49619       -1.53723       -1.55354
       0.467279      0.0603665     -0.0377108      0.0932535     -0.0477358     -0.0031852     -0.0577503      0.0883021     -0.0476928      0.0170351     -0.0576394      0.0621603      0.0085834      -0.083702      -0.094503      -0.101243
       -0.60894     -0.0377108       0.068956     -0.0748537      0.0930466     -0.0552237      0.0504568     -0.0935035      0.0756011     -0.0607789      0.0718591     -0.0387718      0.0035337       0.116797         0.1254       0.121389
       0.939805      0.0932535     -0.0748537       0.197924     -0.0953494      0.0133759      -0.122331       0.169236     -0.0981712      0.0430253      -0.108936       0.117028     0.00747201      -0.171287      -0.189082      -0.201551
      -0.923444     -0.0477358      0.0930466     -0.0953494       0.244774     -0.0830166     -0.0184376      -0.147225       0.131032      -0.117097       0.149864     -0.0146641     -0.0246324        0.17476       0.201687       0.174389
       0.800547     -0.0031852     -0.0552237      0.0133759     -0.0830166       0.251085      -0.156509      0.0599058      -0.108578       0.130131     -0.0260091      0.0138819      -0.090423      -0.175758      -0.152307      -0.149363
      -0.998629     -0.0577503      0.0504568      -0.122331     -0.0184376      -0.156509       0.362426      -0.114332      0.0925298     -0.0715678     0.00014627      -0.139376       0.104118       0.206452       0.176113       0.214547
        1.11876      0.0883021     -0.0935035       0.169236      -0.147225      0.0599058      -0.114332       0.234646      -0.129895      0.0821445      -0.133521      0.0991004    0.000891142      -0.209441      -0.228359      -0.230608
       -0.91769     -0.0476928      0.0756011     -0.0981712       0.131032      -0.108578      0.0925298      -0.129895       0.170446      -0.100397      0.0932856     -0.0530858       0.018537       0.180001       0.186542       0.181301
        0.72713      0.0170351     -0.0607789      0.0430253      -0.117097       0.130131     -0.0715678      0.0821445      -0.100397       0.165042     -0.0679612      0.0114982     -0.0350832       -0.14902      -0.147664      -0.137036
      -0.741876     -0.0576394      0.0718591      -0.108936       0.149864     -0.0260091     0.00014627      -0.133521      0.0932856     -0.0679612       0.189489     -0.0414442     -0.0341405       0.135073       0.160493       0.147364
       0.599967      0.0621603     -0.0387718       0.117028     -0.0146641      0.0138819      -0.139376      0.0991004     -0.0530858      0.0114982     -0.0414442       0.172175     -0.0171092      -0.111836       -0.11318      -0.134005
       -0.21023      0.0085834      0.0035337     0.00747201     -0.0246324      -0.090423       0.104118    0.000891142       0.018537     -0.0350832     -0.0341405     -0.0171092       0.135093      0.0524899      0.0315757      0.0414322
       -1.49619      -0.083702       0.116797      -0.171287        0.17476      -0.175758       0.206452      -0.209441       0.180001       -0.14902       0.135073      -0.111836      0.0524899        0.29454       0.297787       0.301175
       -1.53723      -0.094503         0.1254      -0.189082       0.201687      -0.152307       0.176113      -0.228359       0.186542      -0.147664       0.160493       -0.11318      0.0315757       0.297787       0.310664       0.309572
       -1.55354      -0.101243       0.121389      -0.201551       0.174389      -0.149363       0.214547      -0.230608       0.181301      -0.137036       0.147364      -0.134005      0.0414322       0.301175       0.309572       0.317255
